20
2 5
0.600000 0.600000
1 20
1.000000
3 4
1.000000 0.900000 0.100000
2 3
0.999999 0.999999
2 60
0.900348 0.825639
3 10
0.880520 0.845169 0.043339
3 42
0.999999 0.999999 0.999998
3 4
1.000000 0.999999 0.536765
3 17
0.429983 0.014949 0.125305
1 4
0.999999
3 5
0.610019 0.428781 0.686781
3 10
0.883685 0.197153 0.833158
2 5
0.596196 0.060258
3 100
0.698634 0.712518 0.370478
1 3
0.000007
2 7
0.098672 0.932960
3 10
0.112131 0.909265 0.075140
2 4
0.000011 0.000001
3 42
0.000010 0.000010 0.000007
2 7
0.837480 0.188194
