100
2
0 1
0 2
3
2 2
0 0
4 4
1
1 1
5
0 5
0 1
1 1
4 7
5 6
9
653 1373
603 986
1144 1872
15 49
201 345
448 937
554 1569
1373 1846
307 370
10
15 15
2 9
3 12
10 12
5 16
6 12
0 13
0 9
5 18
4 4
7
0 5
5 8
6 12
1 4
1 12
3 12
7 8
8
2 7
5 9
1 10
13 14
12 15
0 6
8 11
3 4
9
0 1
11 13
5 11
1 4
0 17
7 11
5 14
5 7
14 16
2
2 3
0 1
5
1 8
0 6
2 6
2 4
4 8
3
0 5
3 4
1 3
7
6 7
11 12
1 5
3 9
10 13
4 8
0 2
10
11 12
8 11
2 15
15 18
4 9
0 4
0 11
5 12
2 14
4 10
2
2 2
0 2
1
0 1
8
9 14
7 9
2 6
3 3
9 9
0 3
0 3
3 8
7
0 12
2 9
3 7
9 10
3 8
3 4
0 10
3
2 3
2 4
0 5
6
1 6
1 6
4 6
1 9
0 1
6 7
1
0 1
6
5 9
2 5
5 6
1 4
3 4
0 1
7
1 10
0 1
3 7
11 11
3 4
8 11
3 10
4
4 6
2 7
0 5
1 3
6
295 1715
463 1371
475 1051
1092 1190
1102 1522
1460 1881
9
13 13
4 6
1 9
0 1
7 11
4 6
2 9
11 15
9 9
2
0 1
3 3
8
0 8
1 4
0 7
0 14
6 13
6 10
12 14
6 9
5
1 2
0 9
4 7
5 6
3 8
4
0 4
0 1
0 7
0 2
6
0 1
0 6
0 2
0 6
0 11
0 2
9
0 1
0 8
0 4
0 5
0 9
0 7
0 4
0 17
0 8
10
4 14
0 0
8 8
0 18
10 19
1 12
3 10
12 12
0 10
3 17
6
6 9
0 2
6 6
0 6
0 4
9 9
10
4 13
4 18
5 14
9 14
0 3
2 5
11 18
1 10
2 7
14 14
10
0 1
13 15
16 17
12 14
7 8
6 18
4 11
5 19
9 10
2 3
4
0 3
0 7
0 1
0 3
5
8 9
0 6
4 7
4 5
0 0
2
579 1088
319 368
6
0 2
0 4
0 1
0 3
0 11
0 5
10
9 19
7 12
8 14
3 15
0 11
16 18
1 4
13 17
2 10
5 6
6
243 661
417 810
1036 1124
62 215
400 451
660 844
8
8 10
0 3
6 11
5 13
5 13
1 15
9 14
2 3
9
14 15
4 10
5 10
12 15
6 10
5 5
0 0
0 17
0 9
1
0 1
9
5 9
0 6
13 17
0 5
3 12
0 9
12 16
7 11
7 10
8
0 10
0 1
14 15
10 11
0 8
7 10
3 10
0 6
7
0 7
4 9
9 10
6 9
3 7
1 9
0 5
4
0 1
5 5
2 5
1 4
3
2 5
0 0
3 4
2
2 3
0 1
7
9 11
0 6
10 11
2 5
8 12
2 7
3 3
3
2 3
0 1
4 4
10
12 18
5 8
14 15
8 12
3 5
10 18
0 1
2 13
4 8
9 14
2
0 0
0 0
8
1 6
5 7
0 8
10 12
0 9
3 3
9 11
11 13
9
5 7
3 15
11 17
12 16
0 3
3 12
0 0
9 11
2 11
9
1 10
4 8
9 15
1 4
7 16
14 17
2 10
0 1
12 12
6
4 7
1 8
3 10
2 5
0 6
9 11
9
0 9
0 1
0 17
0 2
0 6
0 4
0 8
0 9
0 2
7
2 3
6 12
3 7
12 13
6 9
2 10
0 1
8
12 12
0 6
8 15
5 12
3 8
0 6
7 8
0 0
5
6 9
0 1
1 9
3 4
1 6
10
4 7
3 9
2 11
0 6
1 14
12 19
17 18
10 13
8 16
5 15
2
2 3
0 2
7
1 10
5 8
5 7
12 12
3 11
1 3
0 9
8
6 7
7 10
10 13
1 6
0 3
7 13
9 14
1 3
6
0 3
0 7
8 9
8 9
3 5
3 5
3
0 2
0 5
0 1
9
16 17
5 5
0 9
8 14
10 14
10 11
6 14
3 4
1 2
10
2001 2001
2001 2001
2001 2001
2001 2001
2001 2001
2001 2001
2001 2001
2001 2001
2001 2001
2001 2001
3
0 5
3 4
1 2
5
272 1594
190 869
180 1632
934 1914
251 622
2
61 188
1394 1973
10
0 12
3 7
4 5
2 13
1 8
14 16
11 15
10 18
17 19
6 9
1
0 2
1
0 1
1
0 1
7
9 9
3 4
5 7
0 2
5 8
9 10
1 8
6
6 38
50 170
1 13
748 804
1439 1640
830 1645
3
1 3
2 3
1 4
7
0 4
0 3
0 7
0 13
0 1
0 3
0 2
4
708 930
444 988
247 545
38 40
3
0 1
4 5
1 4
6
5 5
1 4
0 0
3 9
8 9
6 7
1
303 741
9
0 7
1 10
1 13
6 10
14 14
2 3
8 8
13 14
5 12
1
0 0
1
0 1
5
3 5
0 1
2 7
4 6
8 9
4
486 621
356 1331
32 316
296 452
7
1 2
0 13
7 9
10 12
7 9
1 4
2 6
3
0 1
1 6
0 0
4
2 4
0 4
0 2
4 6
1
0 2
7
6 6
9 11
11 13
0 0
3 11
2 4
3 8
6
4 9
0 9
1 9
4 9
4 4
1 1
3
1 2
0 3
4 5
3
1030 1554
82 90
524 544
4
0 2
0 0
5 6
0 7
