100
2
0 1
0 2
3
2 2
0 0
4 4
1
1 1
5
0 5
0 1
1 1
4 7
5 6
8
0 0
0 0
0 0
0 0
0 0
0 0
0 0
0 0
7
5 9
4 8
0 11
5 6
0 0
0 10
12 13
2
0 1
0 3
10
805 894
1197 1355
92 198
327 696
496 730
366 776
510 747
459 1986
698 1290
275 583
8
6 10
1 9
14 14
5 10
0 0
10 13
6 9
0 4
8
0 6
3 5
3 5
2 5
0 6
5 5
13 13
10 15
6
6 9
0 6
1 5
2 2
4 9
4 9
3
2 4
1 5
0 3
9
11 16
3 8
0 1
7 11
5 11
7 9
2 3
3 15
11 16
3
0 1
2 2
2 3
9
12 17
5 9
0 9
12 17
0 9
5 5
0 3
0 8
9 10
6
0 6
6 7
8 9
1 1
0 6
1 6
8
9 11
1 1
8 9
5 12
12 15
0 4
5 12
2 4
2
1 2
0 4
6
149 1446
729 1514
3 573
62 1651
138 195
103 104
7
5 6
0 2
0 10
4 12
2 7
10 12
5 11
10
2 11
12 19
6 16
0 8
3 4
1 7
5 13
10 14
17 18
9 15
2
0 1
0 0
8
0 2
0 7
0 3
0 1
0 4
0 7
0 15
0 2
2
0 1
2 3
6
11 11
0 1
5 6
4 7
8 9
1 3
6
0 5
4 11
5 10
4 4
0 8
0 0
5
0 7
3 4
0 4
0 4
8 9
8
2 5
6 14
4 11
0 10
7 12
5 9
0 12
3 7
1
0 1
3
2 4
0 2
1 4
8
343 1455
1276 1970
495 577
421 835
57 59
15 17
616 1399
1025 1110
4
1 1
0 0
3 4
4 4
4
1 5
3 4
1 4
0 4
10
6 16
0 10
1 5
0 8
16 17
0 4
13 14
6 8
13 19
9 13
9
7 11
13 13
7 11
5 11
3 5
5 7
2 4
0 0
13 13
5
0 1
4 7
0 4
4 6
6 7
9
5 9
6 8
12 15
1 15
0 9
2 2
6 15
6 12
4 17
10
0 7
0 4
0 1
0 4
0 3
0 10
0 7
0 2
0 19
0 4
1
0 1
5
0 3
0 2
0 5
0 9
0 1
3
2 3
0 1
4 5
2
1 2
0 3
5
4 6
1 5
7 8
0 2
3 9
5
3 6
4 9
1 3
0 2
5 8
2
1297 1786
766 1330
8
1 4
3 6
10 15
2 14
7 12
5 11
8 13
0 9
2
2 3
0 2
6
0 3
4 6
8 11
4 7
0 2
4 7
5
6 6
0 2
0 2
7 9
0 8
1
0 1
4
0 7
0 1
0 4
0 3
5
0 9
0 4
0 5
0 4
0 1
7
10 69
64 694
227 360
891 1286
291 1520
84 288
300 439
10
2 8
0 6
4 14
11 16
1 6
11 17
10 17
15 17
5 13
0 7
4
0 1
1 5
3 4
6 6
2
0 3
0 2
10
0 12
16 19
0 3
12 17
1 7
0 10
9 12
13 16
3 4
6 15
2
84 839
120 424
1
0 1
4
0 2
2 7
5 6
2 3
4
0 7
0 4
0 1
0 3
2
2 3
0 1
6
6 9
3 7
0 5
1 3
2 6
6 10
1
0 2
9
0 8
0 5
0 9
0 7
0 2
0 1
0 3
0 17
0 9
3
405 1249
116 140
54 1089
8
0 2
0 3
0 5
0 15
0 3
0 4
0 1
0 5
3
0 2
2 3
2 3
10
15 15
7 10
0 18
1 13
5 7
8 10
2 6
3 11
2 11
17 19
4
1 1
1 1
5 6
0 7
8
197 257
89 285
517 1178
13 1352
490 601
69 731
405 1235
11 179
10
5 12
0 3
0 10
4 8
14 17
4 14
2 14
17 17
8 14
5 10
8
9 13
0 2
4 4
4 9
1 6
12 15
6 13
3 8
7
3 4
1 7
5 7
0 2
5 7
7 7
3 10
7
10 10
0 2
6 9
11 12
1 6
5 6
2 4
10
5 6
2 16
10 16
5 8
6 12
16 16
9 14
12 15
0 6
0 2
1
0 1
1
1 35
1
41 1348
5
1 7
7 8
0 4
0 0
6 6
5
5 9
0 0
0 5
2 5
2 8
9
0 7
0 7
0 8
0 6
0 7
0 1
0 17
0 6
0 8
6
9 10
5 7
1 2
7 11
0 5
1 1
5
7 7
1 4
1 4
1 6
1 1
1
272 561
6
611 689
565 1408
649 1132
1245 1515
391 1008
9 149
2
0 3
0 3
7
8 10
1 2
6 9
0 1
12 12
5 6
4 10
2
1 3
0 2
8
0 2
5 10
4 13
0 4
13 13
5 8
1 4
10 12
6
3 3
0 3
8 9
1 3
1 4
6 9
1
0 1
6
3 8
4 7
0 1
8 9
0 1
7 11
3
0 2
0 1
0 5
9
1 17
13 15
11 14
8 9
4 12
10 16
2 6
0 7
3 5
6
2 9
8 9
0 6
3 6
5 9
1 5
2
0 1
1 3
1
0 1
10
2001 2001
2001 2001
2001 2001
2001 2001
2001 2001
2001 2001
2001 2001
2001 2001
2001 2001
2001 2001
3
3 4
2 3
0 1
