100
2
0 1
0 2
3
2 2
0 0
4 4
1
1 1
5
0 5
0 1
1 1
4 7
5 6
2
0 0
1 4
8
1 5
0 4
3 11
0 10
5 13
6 11
2 13
0 10
4
4 6
0 1
5 7
2 3
3
1 5
0 3
2 4
2
0 2
0 2
1
58 136
9
16 17
3 12
1 15
2 7
10 12
5 8
11 15
3 5
0 8
8
1 3
0 8
8 8
5 8
10 14
2 8
5 11
4 7
10
0 7
0 5
0 2
0 10
0 5
0 8
0 19
0 9
0 1
0 5
8
0 6
0 6
1 7
9 13
4 10
3 14
8 14
0 11
3
0 1
0 5
0 3
10
0 5
11 19
7 17
0 7
0 4
14 18
4 6
11 12
13 16
2 14
3
0 3
1 2
3 5
7
0 4
0 6
0 2
0 1
0 13
0 2
0 4
5
2 5
7 8
3 4
0 2
5 9
10
0 14
5 8
10 13
3 10
11 19
4 5
1 11
2 11
6 17
16 17
4
204 276
915 1215
754 945
242 800
1
1029 1623
6
0 4
9 9
0 9
4 7
0 7
0 6
10
12 17
2 17
1 17
8 17
6 8
0 7
13 13
2 8
2 5
6 7
10
573 753
324 767
396 428
361 1572
117 248
635 1715
848 1771
150 1029
379 395
164 1958
7
11 13
4 10
1 3
0 4
6 7
10 11
1 7
7
2 4
2 9
12 13
1 5
8 10
0 10
5 7
9
2 8
1 4
1 15
10 15
0 7
10 12
10 12
0 13
1 9
5
0 1
0 9
0 4
0 2
0 5
3
0 4
1 2
2 4
10
2 7
12 18
2 8
0 2
12 16
14 17
10 10
1 6
4 10
8 18
8
13 14
9 15
0 7
3 4
2 12
6 6
1 6
4 9
1
0 1
10
2 10
9 14
3 18
0 10
7 11
0 14
7 14
12 14
6 19
0 5
6
333 470
393 1581
1110 1115
800 1055
678 908
337 1161
4
1 4
0 3
1 4
4 4
9
0 13
4 9
7 15
11 14
4 12
0 3
4 7
7 12
3 15
1
0 1
3
4 5
1 2
1 2
1
0 1
1
355 708
3
0 3
2 2
3 3
2
0 2
0 2
3
2 4
0 3
1 3
1
0 2
8
0 5
0 15
0 1
0 3
0 4
0 7
0 2
0 6
4
1 2
4 7
0 6
3 5
9
11 15
1 8
11 14
11 17
5 9
2 13
0 6
1 6
2 6
3
0 5
0 2
0 1
8
12 15
7 7
7 8
0 5
1 9
0 2
2 12
5 8
8
2 8
0 9
2 3
11 12
6 12
2 3
6 14
8 10
3
2 3
0 4
1 5
7
6 10
3 8
1 1
3 6
8 10
10 13
0 1
3
2 2
0 1
4 4
1
0 0
9
14 15
1 2
7 12
8 10
0 11
16 17
9 13
4 6
3 5
10
9 10
0 6
0 2
3 11
16 18
11 13
9 11
13 19
4 4
7 17
8
0 5
1 6
4 7
8 13
4 13
1 10
11 13
4 10
5
3 6
0 1
2 7
8 9
2 3
6
1 3
2 3
0 2
6 8
10 11
7 10
10
2001 2001
2001 2001
2001 2001
2001 2001
2001 2001
2001 2001
2001 2001
2001 2001
2001 2001
2001 2001
1
0 0
3
2 3
0 1
3 5
9
15 16
0 13
4 11
4 12
7 14
1 2
4 10
8 15
2 8
5
0 9
0 1
0 3
0 4
0 5
7
767 1676
134 296
2 9
161 235
489 1397
798 1138
576 1661
4
159 317
370 516
254 2001
342 404
4
0 6
2 3
0 3
6 6
1
0 1
7
0 3
0 1
0 3
0 13
0 6
0 4
0 7
7
2 6
3 12
4 7
9 10
0 11
8 13
1 5
6
0 2
0 4
0 1
0 4
0 11
0 2
2
0 0
3 3
8
28 1475
842 1281
108 221
1693 1776
438 1856
981 1091
820 1117
363 950
1
829 1330
9
13 15
6 7
7 9
4 6
2 15
7 16
8 12
1 1
0 14
5
2 3
0 7
3 8
6 6
0 2
5
3 3
0 1
1 6
6 8
7 7
10
5 6
3 8
12 12
4 19
0 0
1 15
6 11
5 8
8 18
15 17
7
0 2
3 12
3 4
1 4
9 12
4 6
7 11
3
0 2
3 3
0 3
5
0 9
0 4
0 1
0 3
0 3
2
0 3
0 1
10
2 12
4 14
2 16
0 10
10 14
5 7
4 11
12 16
16 17
0 7
6
742 765
287 1523
414 1918
343 476
1535 1845
82 459
1
0 0
8
3 5
0 2
0 8
15 15
7 9
5 7
10 10
4 13
5
1 4
7 7
6 7
1 4
0 5
6
0 3
6 10
2 11
1 4
7 9
5 8
2
0 1
2 2
7
327 334
789 1860
81 313
199 576
1607 1983
37 296
1614 1677
8
683 1993
144 1133
400 1860
460 942
1165 1176
117 135
1072 1265
253 518
3
1461 1769
278 878
33 101
4
0 1
5 6
1 4
0 0
6
8 8
3 3
0 4
2 10
8 9
0 3
6
6 6
0 9
3 7
2 11
2 2
0 7
5
8 9
0 5
1 4
2 6
3 7
8
3 9
9 15
2 14
0 3
1 2
9 11
11 11
3 5
3
0 3
0 4
2 3
2
0 0
0 0
