100
2
0 1
0 2
3
2 2
0 0
4 4
1
1 1
5
0 5
0 1
1 1
4 7
5 6
3
2 5
0 4
1 3
8
3 5
1 10
0 5
13 15
1 10
1 12
8 14
6 9
7
2 3
3 11
6 9
6 11
0 9
0 4
5 11
5
4 8
0 7
2 6
2 3
4 7
5
4 7
2 2
1 3
0 4
8 8
10
0 5
0 5
0 10
0 7
0 7
0 10
0 8
0 6
0 1
0 19
10
7 15
8 16
1 5
13 17
2 4
0 10
18 19
12 14
3 11
6 9
2
2 2
0 1
4
6 6
0 0
2 5
0 0
6
5 8
2 5
1 4
2 5
6 10
0 6
1
0 1
7
4 7
4 11
1 11
0 1
3 7
6 10
10 11
3
0 1
0 5
0 2
1
0 0
7
6 10
4 8
0 9
1 11
2 5
3 7
12 13
7
4 5
4 7
1 4
2 11
4 5
4 4
1 2
4
1 3
2 3
3 7
0 3
3
0 1
0 3
0 5
5
210 970
576 769
2 5
1317 1342
347 449
3
0 1
2 3
4 5
3
31 533
946 1353
549 1030
1
0 2
2
2 3
0 1
4
0 4
1 7
4 7
2 2
6
615 1161
20 130
12 20
47 900
40 1468
38 71
3
2 4
0 4
1 5
10
6 14
17 19
10 11
14 18
7 15
12 13
4 5
1 3
8 8
0 2
7
3 4
7 8
9 13
0 10
2 6
11 12
1 5
6
1 3
6 8
2 10
3 8
0 2
3 10
9
2 3
13 15
9 12
5 12
15 17
0 2
1 2
8 10
7 8
3
3 5
0 2
1 4
7
6 11
3 3
0 9
5 9
9 9
0 2
4 9
6
6 6
2 5
9 11
0 3
0 4
6 7
1
0 1
4
2 5
0 5
1 3
3 5
3
0 1
3 4
2 3
2
1 2
0 3
8
1157 1746
252 1003
544 699
628 707
379 875
1010 1231
393 1197
119 520
8
0 1
0 7
0 3
0 7
0 4
0 2
0 5
0 15
9
0 17
0 9
0 8
0 4
0 9
0 1
0 2
0 6
0 6
2
0 2
0 2
10
2001 2001
2001 2001
2001 2001
2001 2001
2001 2001
2001 2001
2001 2001
2001 2001
2001 2001
2001 2001
2
2 2
0 2
10
9 9
17 18
5 16
10 19
3 8
3 10
1 2
0 9
3 13
4 13
9
3 7
1 5
7 8
12 15
0 4
6 14
1 10
11 13
13 14
3
3 4
0 4
1 3
4
387 1430
1274 1566
959 1516
442 703
7
0 3
0 5
0 7
0 1
0 6
0 5
0 13
8
1 9
0 6
12 14
8 10
0 8
4 9
0 11
0 9
5
0 4
0 5
0 1
0 3
0 9
1
0 1
1
1401 1597
10
7 15
8 9
0 4
9 10
2 6
5 17
0 13
2 12
14 18
15 18
2
110 1865
654 1916
8
602 1910
862 1850
397 1900
306 640
52 54
328 434
246 339
12 73
9
0 2
0 3
0 8
0 17
0 5
0 1
0 8
0 7
0 3
2
0 1
2 3
7
0 1
0 3
0 5
0 13
0 2
0 7
0 5
1
0 2
8
84 995
771 903
308 782
787 815
1173 1251
491 1600
316 803
369 632
3
0 5
0 2
0 1
9
8 8
14 15
0 0
4 10
2 7
10 13
14 15
0 10
4 6
8
795 1908
125 268
7 485
1808 1938
1482 1705
479 767
871 1389
222 237
6
5 9
2 3
9 9
0 3
0 5
6 7
1
0 0
2
0 2
2 2
1
0 2
5
116 272
10 1283
525 1698
29 67
724 1149
8
0 5
3 9
2 10
13 14
0 7
10 11
3 8
3 13
3
0 3
1 3
4 5
6
158 484
480 1279
467 993
19 934
680 1827
400 1307
7
3 10
6 6
0 1
1 3
7 9
10 12
1 13
4
1 3
0 1
2 3
2 3
4
1 1
3 7
4 4
0 1
10
6 15
0 5
2 9
0 9
6 11
0 17
17 17
1 12
12 16
2 12
5
0 3
5 7
0 3
0 0
8 9
7
0 5
0 5
0 1
0 6
0 7
0 5
0 13
9
12 16
0 15
6 12
2 2
5 12
1 2
8 14
10 11
6 9
4
0 0
0 0
0 0
0 0
7
7 8
0 5
2 12
6 13
1 9
3 4
10 11
6
7 9
1 4
2 7
0 6
10 10
1 3
10
17 20
8 16
0 13
0 10
8 10
15 18
0 0
2 11
0 13
0 2
7
0 6
0 0
3 4
7 13
3 5
7 10
7 11
1
0 2
8
4 12
0 11
14 15
6 8
1 5
3 13
2 7
9 10
4
254 636
1187 1284
1231 1803
518 1343
8
14 15
0 2
3 12
8 9
11 13
7 10
5 6
1 4
5
151 1145
344 810
75 210
1061 1275
135 143
10
0 3
0 1
0 19
0 3
0 4
0 3
0 8
0 10
0 10
0 2
4
0 0
3 7
1 7
1 3
9
5 9
0 6
11 14
0 10
11 16
6 12
2 5
3 17
3 10
7
3 11
4 9
6 6
0 0
4 6
6 6
1 5
1
0 1
6
0 7
4 11
0 4
7 10
1 6
1 9
1
0 2
9
1001 1068
364 712
1150 1560
14 55
643 719
89 1192
274 812
374 1336
40 49
