100
3 1 5 15 13 11
3 0 8 23 22 21
3 3 8 4 20 17
1 0 3 6
3 1 5 15 11 10
2 2 1 11 9
3 0 4 21 27 0
3 0 6 26 4 6
1 0 7 17
3 1 9 28 8 23
3 0 2 27 22 15
1 0 6 14
3 3 0 17 22 22
3 1 9 24 5 23
2 2 1 2 14
1 0 10 26
2 0 2 11 3
1 0 9 28
3 3 5 21 16 13
3 3 7 25 25 25
2 0 4 8 9
3 0 10 26 27 1
2 2 4 2 17
1 0 9 22
1 1 3 26
2 0 2 2 2
3 0 9 11 11 13
1 0 9 1
2 2 0 16 21
3 3 8 10 22 11
2 2 7 15 14
1 0 4 0
1 1 0 13
3 0 4 21 8 22
1 0 1 3
1 0 3 6
2 2 5 27 11
2 1 1 0 8
3 0 8 15 19 22
3 0 3 13 26 3
2 0 0 22 11
1 0 7 18
2 1 4 28 22
3 0 2 23 15 2
3 1 6 25 14 16
1 0 6 15
2 2 7 4 10
3 1 9 23 24 24
1 0 9 23
2 0 3 6 27
1 0 2 3
3 0 5 12 12 11
3 2 6 15 15 14
2 0 7 18 17
1 1 9 8
3 3 9 7 6 20
2 0 0 0 0
1 0 2 29
1 0 7 18
3 0 4 8 12 19
1 1 7 24
3 0 10 10 27 1
3 1 4 9 8 9
2 0 7 18 17
1 0 2 10
2 0 8 23 30
2 2 0 2 20
2 0 4 11 9
2 0 10 26 27
1 0 5 11
3 0 8 20 20 30
1 0 3 5
3 1 9 22 22 10
3 0 10 30 30 30
3 0 5 23 30 19
1 0 10 20
2 0 6 10 27
3 0 0 30 30 30
1 0 8 29
2 0 1 15 23
3 1 3 2 15 29
1 0 6 15
2 0 6 11 29
3 1 6 14 6 15
3 1 7 8 12 25
1 0 10 27
1 0 9 30
3 3 6 27 22 12
2 0 5 23 29
1 0 4 11
1 1 3 20
1 0 6 16
2 1 6 15 14
2 0 1 0 0
1 1 10 6
3 3 9 16 20 22
3 2 2 2 2 2
1 1 7 11
1 0 0 11
2 0 1 4 18
